# id xcentroid ycentroid fwhm sharpness roundness pa npix peak flux mag
62 448.7469271477472 371.28520948852525 1.8723275472795526 0.5534534625476383 0.10875725902242922 25.80040053492979 12 19989.757733773848 119218.01723264653 -12.690854736526777
71 1087.0570953653892 399.6949551843061 1.9906090017189373 0.5884170460348143 0.0835738964342517 27.340261132008802 12 19854.562037592797 133595.908430636 -12.814482893604662
63 661.0594749366148 373.95609358976907 1.933480676837574 0.5715301133712016 0.09987964139935336 7.779823192335364 13 13073.361508714675 72780.88911285621 -12.15504339188099
8 472.3282360588287 37.654939627594146 1.8878986758876612 0.5580562336046864 0.1465841252830519 35.86797935630191 11 2598.122772484646 16736.974159290403 -10.559192364026122
67 583.9821906781282 392.76364658062 1.9067912402427125 0.563640809430588 0.10202231369002995 7.787924475903423 12 2117.3980816458834 11810.795067351308 -10.180697835003535
18 568.2575349672005 99.8283463079514 1.9033902769732347 0.5626354966047288 0.09154101086722453 19.72738102237778 13 1283.76490921666 7700.866006914877 -9.716348917111791
146 654.9035300752222 812.9314153982307 2.022761118625921 0.5979210991350647 0.044438815575148734 55.78963759685982 13 974.220251868973 6443.7882422486655 -9.522853150157063
24 799.3649800038559 137.95418523005725 1.9011312597064536 0.5619677390160144 0.0569100005979135 1.3341456316961549 12 923.4468617840334 5602.171358741948 -9.370890972133664
149 399.2652598700752 828.1066581958418 1.9520017520401083 0.577004878305276 0.07065356126235808 145.38320451872625 13 899.9324671397628 6026.115529984045 -9.450093633790411
61 725.2844502753524 363.37312751164524 1.8216938633535606 0.5384863229939313 0.12117787577770124 149.02754778276687 11 720.1692275446073 4106.214665591457 -9.033604124425743
76 233.19721794053987 417.07289924148296 1.9686183937707353 0.5819166993779785 0.16082168244764805 178.71966495541557 13 655.4128492286856 4136.176909467136 -9.041497764505259
20 130.07570533607077 114.23773662483109 1.9963928421208776 0.5901267289916922 0.15191829488561712 178.21253172660843 12 496.1955801061439 3529.7710250326186 -8.869366334439698
125 627.8983556906204 696.8227638218813 1.96585720685468 0.5811005022004855 0.03756036331168988 35.55131486301771 13 462.8153355282901 2879.4910011550364 -8.648289314080234
57 476.0941832526503 338.3610450455528 1.876258735044826 0.5546155078766069 0.07959193624338763 173.89717725753997 12 436.881587269038 2603.7660565007977 -8.539004902759832
53 146.8622988097643 324.7169631474973 1.9764452927259517 0.5842303032845542 0.15488180545634408 172.0567743829683 12 419.53528918653 2720.9192672383824 -8.58678913990232
36 902.0681221569347 224.31426225152345 1.9456422370865134 0.5751250279680289 0.0732128628611107 159.8030060665903 12 412.9270141278256 2567.354606805376 -8.523714645522313
25 700.3713829163008 144.85717906434502 1.8709431594225174 0.5530442423478402 0.08728206783404056 16.299373462484613 12 405.2134155969056 2446.500640101953 -8.47136333431174
32 360.08288886288585 172.0524874655562 1.9636842225323394 0.5804581756486978 0.09877023895248002 3.4997981358214036 13 389.1438994608387 2303.9757281183506 -8.406194748944136
143 145.9091336480873 802.9415916191045 2.0684773134992516 0.6114346461551415 0.0752721524343188 178.52963488074582 13 369.8143186549206 2676.9642809035017 -8.56910644093894
54 578.9894477526393 334.63770490817404 1.8737379400202423 0.5538703696999262 0.07249521398815045 11.541169545847584 12 365.5652493024488 2060.960342153794 -8.285174087466618
94 739.0830943229598 514.7679095848607 1.9346335288717516 0.5718708923930387 0.08726075198096793 22.993652840032233 13 364.65785793505654 2153.382081861505 -8.332802737496385
99 707.3086988829477 556.9469991233099 1.9204247592961565 0.5676708298924465 0.07877506441299836 21.406715092908417 13 347.8197684673752 2119.136205833062 -8.315397178870711
39 779.3735394001802 250.87170383972853 1.8793476830474756 0.5555285900828586 0.07700846338385899 18.94303035398642 12 337.06728636574303 1971.7082878867636 -8.237106654894866
15 260.0052558828506 82.8586065391471 2.003721286456083 0.5922929914591222 0.10479939913440478 7.225592650206958 12 249.6478860559272 1540.8609029688662 -7.969408589333976
82 264.63934082818247 454.9945931924145 1.9121051112183063 0.5652115710717587 0.13695148231324403 0.0541926421357878 12 214.29501430962176 1318.2884505519273 -7.800026118165397
111 892.0138773501213 610.1376079539696 1.9865703486942599 0.5872232343517122 0.05614516134242191 18.459063569646506 13 206.02048746773312 1296.3131598097293 -7.781774824724378
13 782.1987509630246 82.33607401125981 1.9323141650149 0.5711852965637473 0.12288418931853021 135.8398711288057 12 198.79233249577536 1280.4755824303497 -7.7684282531515585
80 832.3923194756304 429.08437753188826 1.8504881495036398 0.5469978130879075 0.08115006646970474 169.1762638847633 12 170.34481595160892 961.8650821114365 -7.45778539786031
74 451.2990905744151 411.20278713228805 1.8514201645098742 0.5472733134580732 0.12226389103313916 175.18175383522382 12 134.64659871210262 732.7392534053323 -7.162373644129003
88 609.0806415027503 470.2894979482852 1.9034260891297148 0.5626460825527024 0.03593572331316997 158.29015131823184 12 129.85892856297914 756.1919932346538 -7.196580186558565
23 94.06710337954394 130.74198058690715 2.054249196292662 0.6072288645626194 0.15382867007608148 1.266029881618119 12 127.22765254331142 879.2116533593048 -7.360233589337327
27 928.3622814552357 145.8512756923664 1.924384470404012 0.5688413066215398 0.04398961674095529 8.083264685157157 11 110.9544918732287 731.0443207932287 -7.159859268976189
97 964.1572754544702 554.1220013666003 1.9839135052254802 0.586437880731626 0.07540380379617487 5.6906917398539125 13 101.53499876383566 670.1163835939719 -7.0653755901967275
56 205.75144084538786 335.8731983874782 1.9695581339578558 0.5821944832845459 0.13435282215180966 175.10660197747478 12 96.47780179486227 609.5486928479685 -6.962521010696131
51 857.3317723087608 316.0760190044517 1.904712003604561 0.5630261943657652 0.020906342643988215 102.80377664895167 12 94.21219730856056 565.3359107403076 -6.880766432963114
11 897.2450851005257 62.236412398615535 1.9545939641699042 0.5777711271280197 0.11865205776169058 145.03951574293774 12 88.0749820799825 573.2586243974031 -6.895876493001351
19 748.8844954340225 112.26258498889369 1.9716052174442258 0.5827995939903633 0.07798509607296948 8.256605606065442 12 87.89525559183878 538.7990510893042 -6.828567055475171
126 810.2569306833072 699.209231480534 1.935427395420108 0.5721055565631125 0.04183804864096063 163.72046347388925 12 87.71134383289711 527.5654372600517 -6.805690838968791
64 919.1766191889478 377.03927716822693 1.929195455660428 0.5702634170061772 0.044983755346395746 176.72187008178145 13 81.04970378117764 485.09164280047173 -6.71455948157184
140 543.0805048272682 770.08365417257 1.9412782282381476 0.5738350422434553 0.0216109359014141 44.968707375747805 12 78.87836940935046 487.44761377374107 -6.719819871771101
119 651.1610530747591 667.8718729608933 1.9890878634658615 0.5879674028971049 0.06316160182256898 38.913776951703156 13 78.04315137216312 484.3579616923986 -6.712916107248573
73 507.0603761434922 408.13929216749796 1.8926171651284205 0.5594510024911915 0.14418366638310426 171.35311266627681 13 73.59829034639365 394.5354088883599 -6.4902149662320054
30 177.61662349867333 167.77053500805164 1.9143878039469824 0.5658863270440531 0.17237842117411117 164.4347463854434 11 69.81190955781983 439.9416160792988 -6.608487614528071
21 27.890345198093186 118.71314676097643 2.0252758417540013 0.5986644424804142 0.17609416662147812 171.29114951353677 12 69.68391801755448 465.46912059010947 -6.669727187503137
79 935.352507737665 426.19459234846994 1.883153345251042 0.5566535304956143 0.09101536734696283 152.03107100541925 11 65.90697336150335 402.3967442697673 -6.511636145630396
28 276.9289335887791 147.60234822266412 1.8805105218414027 0.5558723211558853 0.09161373925438415 1.0080980996787174 12 63.621248385835585 366.65290530296727 -6.410637826575002
69 816.979595443585 394.818033396732 1.9997863496968926 0.5911298379406877 0.11897657122808389 2.300751531546207 13 60.344162026098815 353.44326386859746 -6.370799272585776
26 866.3736039409762 145.26179513373407 1.8992971458268788 0.5614255813797439 0.19689000493484105 144.01989305874187 12 59.48859031041523 348.1733834553534 -6.354488919679494
132 409.6570196584565 726.0029760559996 1.888433838150376 0.5582144256943956 0.07360585839803438 31.21228858805082 12 55.739890758236456 312.7475457293697 -6.237984775686833
44 232.10080752927624 284.26443593499135 1.9300144530250467 0.5705055097574825 0.13392878216879656 170.00030725576298 12 55.131369633389646 337.83313671432984 -6.321755613874746
84 979.1660002019898 457.2918907879929 1.9459965864615576 0.575229772401691 0.19932578174290685 173.3305063885648 12 54.91065002604405 335.429786152357 -6.314004063290196
46 72.77929936971762 287.6492835133313 1.9281465019263178 0.5699533499577919 0.19666154820188 161.76003929938682 12 53.739803645073266 358.9489571565765 -6.3875817398212
134 705.0544427863491 728.0573000137811 1.9165581378190777 0.5665278701320351 0.10195826135532579 19.11514594106098 12 53.335022521537226 313.0147651872749 -6.238912060224868
50 509.1837815759664 315.96420902619514 1.998895771414185 0.590866586120807 0.06253549756372626 6.931473803560279 13 53.32847835730233 308.57077594732885 -6.223386981522918
59 60.892991331220315 350.9166216946892 2.0668338717577113 0.61094885053478 0.16206418841633008 173.11156573867626 13 52.553177489474336 341.8224781834664 -6.334501546123125
2 1117.5831827342572 0.022535505238709064 1.8465957320819504 0.5458472281366553 0.17023146412598947 166.66461916185096 10 52.265468055223444 159.67401635942332 -5.508085623629927
107 1135.907881443004 590.1450314000006 1.8261169664867813 0.5397937767820482 0.056515210463561366 8.587693339912066 12 51.52033003447524 162.47920948010596 -5.526994493506908
89 770.1468644142101 472.1139493733383 1.8631460254534704 0.5507394368668831 0.03346898825477375 70.45579426528275 13 50.898688066698185 264.66064177965734 -6.0567234032267265
90 291.0804580645685 472.5790775405265 1.8544436130801225 0.5481670342616098 0.10894398536344017 4.520030001208183 12 50.180565381265595 311.82411992506456 -6.234774263222636
14 1115.8058173357158 82.18425773314574 1.9851704420583702 0.5868094268552608 0.02615307182692566 133.64307883251576 12 49.708834306358746 346.77900395043946 -6.350131987116376
68 120.14077925449934 394.36945034434825 1.9703294003996819 0.5824224669423176 0.11653716773442205 157.4627701585269 12 49.06066846514656 323.19192247629303 -6.2736512448308535
135 685.1438768917745 731.6851650889472 1.9667958755265271 0.5813779693708926 0.09282123587175921 30.126548157741272 12 48.26961558015594 324.56210130244847 -6.278244516112008
96 576.832507940538 529.8939034606317 1.9706425632429814 0.5825150367815091 0.0954250599910784 29.49196088456926 13 45.190248522353066 295.01401064640663 -6.174606604368571
83 473.88046451864165 456.69712584518953 2.0108508869596444 0.594400476386645 0.041496385744166 166.52928239646025 12 44.77603130499285 313.8884946822141 -6.2419384932354465
35 1049.0676963227374 202.26760596775193 1.9746741667853693 0.5837067646623469 0.09042692930362271 164.70320950952663 12 41.967512016067914 271.89843903332144 -6.086016785784115
92 462.74570132963805 500.4331897303384 1.8016846156273347 0.5325716594762451 0.1306226639853383 32.68119546548189 11 40.06758921830195 227.68729996437685 -5.8933470175873435
148 199.09878907769138 828.1872460490371 1.9913507251563587 0.5886362968839993 0.09215400887547166 167.09938318785137 12 39.11889639846032 265.91125882470385 -6.061841814952884
147 1011.9425228017952 815.0374262622782 2.055069687474218 0.6074713988809771 0.09714653923595964 172.69126484330852 13 38.415317313742634 284.4729749820907 -6.13510253646187
85 564.9581750795417 459.02446623685057 2.014620118263259 0.5955146479530248 0.12415307566992763 5.909942584692762 12 38.274186471592806 277.70596301744456 -6.10896301300337
98 63.41241350221129 557.2292564769215 1.8008352846764384 0.5323206002231217 0.11904144380488517 44.59111778265867 11 38.21595536710214 214.39310869183697 -5.828027053936999
1 744.209608396337 -0.08819604938086822 1.8442562992065805 0.5451556999758095 0.1964668192703402 4.128807307925715 10 37.57816003543214 114.7590590957429 -5.149467447070096
72 393.78434235902733 401.3340452189786 1.8898091456691086 0.5586209617780079 0.06592883577262662 168.7783513568093 12 37.48243744344964 232.75964952959436 -5.9172692364920625
144 598.9677616633619 806.0107016088351 2.006304162832294 0.5930564806658176 0.13206003448213705 5.680585731272725 13 37.459915055336815 197.97074296158496 -5.741502532356066
58 599.156621670859 343.9081160205876 1.9218689940643425 0.5680977406294837 0.15438470460262027 7.045956674574707 12 36.909474061474576 192.23876596105447 -5.7096024248419734
29 476.9648586800877 155.28557302173607 1.8090276281087736 0.5347422282366566 0.10915929179790272 43.3283028410225 11 36.86262021803275 205.44859131871067 -5.781757919548289
17 1134.1054400607222 99.16163402906103 1.9769248496862915 0.5843720586417162 0.12009185283370453 115.78565743393013 11 35.99624848081258 196.3543155233193 -5.732601126855004
22 338.1032480825738 126.92111546914359 1.9200428557979003 0.5675579405565095 0.05076912715993016 1.8728394948668565 12 34.63473067428806 207.0776908248553 -5.790333283525962
102 235.6640272313341 579.0855228756903 1.9568688658888513 0.5784435801051371 0.08900733008220317 23.378686769036026 11 32.887310697632266 204.81116239561305 -5.7783840559879165
16 939.270285304584 85.70362425080982 1.9770382226206775 0.5844055712838744 0.07390634536176162 24.633609952734258 12 32.22203269440303 191.9503863963983 -5.707972476724269
75 3.0265199306368578 412.0941969728967 2.008892325446163 0.5938215324658422 0.18089152391533508 104.93364258414327 10 30.518751650610287 171.79266926012224 -5.5875115691716495
33 405.0941650411604 175.04455557533907 1.970070010872203 0.582345792306867 0.17591373103003363 78.19092736587766 13 28.705212970823915 158.8278590163456 -5.502316704231173
91 1133.0833513662442 493.53898461988035 1.7410546544688574 0.5146496553984629 0.19994825286589565 8.63589089957992 10 28.42749356607674 146.54704255911642 -5.414942646099965
45 1130.7597009823219 286.8735071417452 1.815267793125278 0.5365867991506887 0.09777133348403892 94.10833276228306 10 27.75558428674926 100.15193281587248 -5.001648337722716
55 709.9967405853425 335.19198204271146 1.95864269792879 0.5789679186408321 0.14204766649748998 169.03549522457098 12 27.612972585797337 177.450907862304 -5.622695563993199
124 1134.2209901841618 695.8744577494731 1.836098722149743 0.5427443487810542 0.17507284782110044 80.41093163334791 7 26.69862254572373 87.79635141746088 -4.858691170397714
139 349.00113081679063 757.101870831576 1.972388554335221 0.5830311456306159 0.04115195328770042 59.829572807110424 13 26.57764078825751 197.90093371062778 -5.74111960810842
3 1039.002982218039 2.0943917825367158 2.2681640183055856 0.6704613364158134 0.11922826369257535 36.41537493121342 12 24.970939285752785 141.67273844036328 -5.378215721526112
142 1024.173633889297 788.4798848531857 1.8103551550527037 0.535134640549775 0.14424387935433253 159.6964782856517 9 24.19907658007941 123.4172328267706 -5.228439511865492
115 1135.1797513249971 639.8787802838062 1.8902485943469893 0.5587508612674099 0.11013001261467191 62.118898555422376 7 24.046795933102665 83.24279293363608 -4.8008666077088336
137 649.1617277098752 752.8384333698122 1.8668537577690372 0.5518354295478816 0.15358372891677233 81.20262564247828 11 22.698308154804266 143.83964155637713 -5.394696480357592
43 704.1296446296154 272.15671517021053 1.9899355765658215 0.5882179839191604 0.05807766537662933 122.65167716600112 12 22.145980109289134 151.85648467719417 -5.453583355459395
93 531.9090039731547 499.45934483607135 1.7774557375179767 0.5254096880024223 0.0569774034799348 76.52440865388921 10 21.431421136810222 100.26128276999967 -5.002833141984442
129 461.19227676260624 715.7218236135686 2.015687290936933 0.5958301004561081 0.023514408642672527 36.53876420879083 12 21.429604553742923 132.13476138286688 -5.302542711916852
49 31.828977178938157 295.985789369866 1.9608088292905708 0.5796082194814902 0.09014128276612468 19.533750819055573 12 20.62470615896742 125.24257157455159 -5.2443799407423395
41 1130.4838528565904 266.9270402325484 1.837303678363857 0.5431005296159133 0.1725250723445702 87.45829283012516 7 20.271935125999658 78.01409674972736 -4.730432711452683
100 1100.8923514780952 561.2166269555107 2.0805204613251624 0.6149945584546257 0.18665061115154685 4.001253026761821 12 20.17621496809053 144.58981627151428 -5.400344264677855
133 745.9786465020509 727.524268976019 1.7257750201974662 0.5101330490459846 0.07297281362840063 36.28041915883389 10 19.885482576413512 94.10204746922588 -4.933997682237456
47 590.2197324159134 290.91582240634216 1.8060296023693156 0.5338560223328227 0.05253829654374565 48.70847135600851 12 19.874314496892 94.9083870571198 -4.943261481850106
120 563.7474593183533 674.8585514782841 1.8054491957608059 0.5336844561730276 0.1025389284746413 175.05667096146615 11 18.765016308777486 96.72132011206045 -4.9638055385283675
95 243.20947802903794 527.7544940036223 2.0254266165884376 0.5987090109931752 0.1944831522713574 1.4188305221196695 12 18.646056363402952 124.08850969005417 -5.234328921731571
52 1132.9055544304188 323.0583260766583 1.8238217011210842 0.5391153043823035 0.0804404403336236 150.63872408873618 8 18.55364702669527 60.716930072005404 -4.458274512353078
60 532.3093299954327 356.68981591024277 1.7932670304518288 0.530083450792651 0.13967409912172332 43.36711081223518 11 17.96600928931411 81.08305589421971 -4.77232527053181
5 1029.9881343876075 16.760096046423918 1.9668206412377542 0.5813852900283549 0.12731655010306703 23.31139662840614 12 17.25776289283778 94.17549493501795 -4.9348447782403575
151 655.6566896573502 839.2719953470232 1.8499833112217454 0.5468485846606769 0.1518722494354273 42.50417845293406 8 14.612040167892573 31.01796934676483 -3.729033406134183
127 874.8629433261244 703.1196797253419 2.0022267223089067 0.591851203534004 0.13073165950861843 53.916758000298415 12 13.967277716986127 101.84364024359681 -5.01983478527102
109 1016.4379825209617 594.1328841799623 1.9141729309672029 0.5658228113441213 0.12441004447575515 123.54739596725135 11 13.82600766786414 86.23765929527335 -4.839242400423497
42 156.80875957112252 271.3095746081569 1.7306706795674291 0.5115801888018978 0.08934532169673091 157.0848771165088 9 13.808059033192691 62.18746791627241 -4.484257185072162
106 1098.8837848770092 589.146961584169 1.7595740863854492 0.5201239345829707 0.15859261245220976 66.98406588887998 9 13.194298489710825 49.46563285174164 -4.2357589242775875
48 685.7682617208812 291.0962561467785 1.9545432195893104 0.5777561272077996 0.15173584595118125 113.01370889835401 11 12.860999499486084 72.77446537184191 -4.654947559086404
12 144.19112869954841 65.25969319580089 1.7303495975210266 0.5114852780740171 0.1862350151573063 146.475072205248 8 12.664690409094367 39.35544493843464 -3.9875120668410724
34 899.8924205570104 186.2821114185221 1.9257518671979794 0.5692455043226298 0.10558529743684493 65.66338830609774 12 12.650321667522954 80.03126424179837 -4.7581491935812705
150 692.8939412188971 838.0568141872103 1.8311078901836828 0.5412690763392088 0.1893249540531558 93.2047902482196 10 12.502527233930797 50.39556502329821 -4.255980796934376
87 575.9660251525173 460.8832899370533 1.8719101747291802 0.5533300886841753 0.12563818964110332 24.20480331220479 11 11.850617408128084 68.03587609114896 -4.581844953814581
66 324.04305398075337 385.4295131762379 1.7716946950213481 0.5237067440264732 0.15531163890663138 107.1589631169814 9 11.472140986104428 56.939926376201846 -4.38854225316231
145 534.8785272317168 808.1059662545966 1.7285073511269675 0.5109407164949604 0.12437327553180558 3.6351673655636003 9 11.436822930650386 45.11801241101626 -4.135874898429962
122 721.1363910902581 681.4610955148434 1.818940881242349 0.5376725511280013 0.19000796329929598 174.7234503220591 9 10.791378037656328 53.49009568528125 -4.320683436948819
138 201.88721999392763 755.7117527076715 1.71291165941188 0.5063306846695557 0.12668256290498192 82.5561807727486 9 10.391916666598712 44.66931992916393 -4.1250233514471315
38 14.003307692599433 244.70694092216206 1.7472095903903362 0.5164690328906387 0.09182273927248198 156.41517998952216 7 10.297011322602897 34.27564558941762 -3.8374641089296713
128 442.138063542638 712.2535039327581 1.7347060746345913 0.5127730374441739 0.1476759821024179 91.28230438667795 9 10.136864358975737 47.56347596216277 -4.193183963900719
130 1120.9800588595572 715.7876446699597 1.8175856088178715 0.53727193734805 0.19041570946077407 131.79126810592103 8 10.12091121300866 38.351121109123746 -3.959445160242447
70 619.9351693776159 396.1241140670912 1.8348020203753392 0.5423610482800397 0.08949581052398703 19.07983100368743 9 10.008717826833582 53.63561786250917 -4.323633219748205
141 298.13552698247713 776.9990799221748 1.8078895914995714 0.5344058286025305 0.0702579398031053 147.60389855331985 9 9.392302471483825 42.693032942267365 -4.0758925211924915
81 247.02241084719262 442.96411100665915 1.7388625583098085 0.51400167945471 0.0881946404328707 7.774321284548594 9 8.597663791555187 37.04251265085894 -3.921751094686744
40 955.2027614439412 267.0208389834364 1.8474635848966663 0.5461037623878253 0.10606099352750398 103.80172282071325 8 8.370466835068392 40.85950209485844 -4.028232675272827
65 70.76203969447656 378.2493473377131 1.8330516961512417 0.5418436585723385 0.14176537484995289 149.0768726307558 9 8.324800365735499 35.691602996945804 -3.8814151340453873
31 847.9920525114468 169.0216699728418 1.8212830544885137 0.5383648893328521 0.15232667595640195 82.60691072035866 7 8.249640579369677 32.853796735087485 -3.791463914634232
77 825.8127070961474 418.7976035228022 1.7356853157126673 0.5130624976757009 0.18154860999728484 8.248099188505662 10 8.152911229861642 41.4519220762505 -4.04386168267749
37 122.96525556545463 230.0052185118514 1.7810604813290791 0.5264752376423614 0.05722128526937502 96.78081613728519 8 7.539332695027983 32.206889747470534 -3.7698719664476155
10 696.8506610451198 49.062435246955786 1.6991962268196652 0.5022764508526526 0.1545147044257919 34.604134615391004 9 6.9958103141538786 30.381475249611576 -3.7065221457729964
78 795.8452801282002 420.17581373209606 1.813994616570782 0.5362104526222492 0.17061012125291714 61.74494292995376 7 6.914901067319138 26.925150703406718 -3.575395356942205
86 629.814319243434 459.66690511521466 1.8653306538312113 0.5513852053606476 0.14613749572310383 156.46619652963386 8 6.796764578127496 32.67646382180199 -3.78558762991924
118 834.235650430382 666.1116011173916 1.7898673944852692 0.5290785303128835 0.18678813044829498 25.499658948945005 9 6.660114109752674 32.67282476599404 -3.7854667087973333
